# NEST version: nest-3.1
# RecordingBackendASCII version: 2
sender	time_ms
305	0.200
305	0.200
305	0.200
305	0.200
305	0.200
305	0.300
305	0.300
305	0.300
305	0.500
305	0.500
305	0.600
305	0.600
305	0.600
305	0.600
305	0.700
305	0.800
305	0.800
305	0.800
305	1.000
305	1.000
305	1.000
305	1.000
306	0.300
306	0.500
307	0.500
305	1.200
305	1.200
305	1.200
305	1.300
305	1.400
305	1.400
305	1.500
305	1.700
305	1.800
305	1.800
305	1.900
305	1.900
305	2.000
305	2.000
305	2.000
305	2.000
305	2.000
306	1.200
306	1.400
306	1.600
306	1.700
306	1.700
306	2.000
307	1.400
307	1.700
305	2.100
305	2.100
305	2.100
305	2.200
305	2.200
305	2.200
305	2.200
305	2.300
305	2.300
305	2.400
305	2.400
305	2.500
305	2.500
305	2.500
305	2.500
305	2.600
305	2.700
305	2.800
305	2.800
305	2.800
305	2.800
305	2.800
305	2.900
305	3.000
305	3.000
306	2.100
306	2.400
306	2.500
306	2.700
306	2.800
306	3.000
307	2.700
307	3.000
307	3.000
305	3.200
305	3.200
305	3.200
305	3.300
305	3.400
305	3.400
305	3.400
305	3.500
305	3.500
305	3.700
305	3.700
305	3.800
305	3.800
305	3.800
305	3.900
305	4.000
305	4.000
305	4.000
306	3.400
306	3.500
306	3.700
306	3.700
306	4.000
307	3.100
307	3.600
307	3.700
305	4.200
305	4.200
305	4.200
305	4.300
305	4.400
305	4.400
305	4.400
305	4.500
305	4.500
305	4.600
305	4.700
305	4.700
305	4.700
305	4.700
305	4.800
305	4.800
305	4.800
305	4.900
305	4.900
305	4.900
305	4.900
305	5.000
305	5.000
306	4.500
306	4.500
306	4.700
306	4.900
307	4.100
307	4.400
307	4.500
307	4.700
305	5.100
305	5.100
305	5.100
305	5.200
305	5.300
305	5.300
305	5.300
305	5.500
305	5.600
305	5.700
305	5.700
305	5.900
305	5.900
305	6.000
305	6.000
306	5.100
306	5.300
306	5.700
306	6.000
307	5.100
307	6.000
305	6.100
305	6.200
305	6.200
305	6.300
305	6.400
305	6.400
305	6.400
305	6.500
305	6.500
305	6.500
305	6.500
305	6.500
305	6.600
305	6.600
305	6.600
305	6.700
305	6.700
305	6.800
305	6.800
305	6.800
305	6.800
305	6.900
305	7.000
305	7.000
305	7.000
305	7.000
305	7.000
305	7.000
306	6.200
306	6.400
306	6.700
306	6.700
306	6.700
306	7.000
306	7.000
305	7.100
305	7.100
305	7.100
305	7.200
305	7.400
305	7.600
305	7.600
305	7.600
305	7.600
305	7.600
305	7.600
305	7.600
305	7.600
305	7.700
305	7.700
305	7.900
305	7.900
305	7.900
305	7.900
305	8.000
306	7.100
306	7.200
306	7.300
306	7.400
306	7.400
306	7.400
306	7.700
306	7.900
306	7.900
306	8.000
306	8.000
307	7.900
307	8.000
305	8.100
305	8.100
305	8.200
305	8.300
305	8.300
305	8.400
305	8.400
305	8.400
305	8.400
305	8.500
305	8.500
305	8.500
305	8.600
305	8.600
305	9.000
305	9.000
306	8.300
306	8.400
306	8.800
306	9.000
306	9.000
307	8.200
307	8.300
307	9.000
305	9.100
305	9.200
305	9.200
305	9.200
305	9.200
305	9.300
305	9.400
305	9.400
305	9.700
305	9.700
305	9.800
305	9.900
305	10.000
306	9.200
306	9.400
306	9.600
307	9.500
305	10.100
305	10.100
305	10.100
305	10.100
305	10.100
305	10.100
305	10.100
308	15.200
308	15.200
308	15.300
308	15.400
308	15.400
308	15.500
308	15.500
308	15.500
308	15.600
308	15.600
308	15.600
308	15.600
308	15.600
308	15.700
308	15.700
308	15.700
308	15.800
308	15.800
308	15.900
308	15.900
308	16.000
309	15.200
309	15.500
309	15.700
309	15.700
310	15.200
310	15.800
310	15.900
308	16.100
308	16.200
308	16.200
308	16.400
308	16.400
308	16.500
308	16.500
308	16.700
308	16.800
308	16.800
308	16.900
308	16.900
308	17.000
309	16.300
309	16.500
309	16.700
309	16.700
309	16.700
309	16.900
309	17.000
310	16.700
310	16.900
308	17.100
308	17.100
308	17.200
308	17.200
308	17.200
308	17.300
308	17.300
308	17.400
308	17.400
308	17.600
308	17.700
308	17.700
308	17.800
308	17.900
308	17.900
308	17.900
308	17.900
308	18.000
308	18.000
308	18.000
308	18.000
308	18.000
309	17.100
309	17.100
309	17.100
309	17.200
309	17.300
309	17.400
309	17.400
309	17.700
309	17.800
309	18.000
310	17.100
308	18.100
308	18.100
308	18.200
308	18.300
308	18.300
308	18.300
308	18.400
308	18.400
308	18.500
308	18.600
308	18.600
308	18.600
308	18.700
308	18.700
308	18.700
308	18.800
308	18.800
308	18.900
309	18.100
309	18.200
309	18.200
309	18.400
309	18.600
310	18.300
310	18.400
310	18.700
310	18.800
308	19.200
308	19.300
308	19.300
308	19.400
308	19.400
308	19.500
308	19.600
308	19.600
308	19.600
308	19.700
308	19.700
308	19.800
308	19.800
308	19.900
308	20.000
308	20.000
308	20.000
308	20.000
308	20.000
308	20.000
309	19.300
309	19.500
309	19.800
309	19.900
310	19.800
308	20.100
308	20.100
308	20.200
308	20.200
308	20.200
308	20.300
308	20.300
308	20.300
308	20.300
308	20.300
308	20.400
308	20.500
308	20.500
308	20.600
308	20.600
308	20.600
308	20.800
308	20.800
308	20.900
308	20.900
308	20.900
308	20.900
308	21.000
308	21.000
309	20.200
309	20.200
309	20.600
309	20.800
309	21.000
310	20.800
308	21.100
308	21.200
308	21.500
308	21.500
308	21.600
308	21.600
308	21.700
308	21.700
308	21.800
308	21.900
308	21.900
308	21.900
308	21.900
308	21.900
308	21.900
309	21.400
309	21.500
309	21.500
309	21.600
309	21.600
308	22.100
308	22.200
308	22.200
308	22.200
308	22.300
308	22.300
308	22.400
308	22.400
308	22.400
308	22.500
308	22.500
308	22.500
308	22.600
308	22.600
308	23.000
309	22.100
309	22.400
309	22.600
310	22.900
308	23.100
308	23.100
308	23.100
308	23.200
308	23.200
308	23.200
308	23.400
308	23.400
308	23.500
308	23.500
308	23.600
308	23.800
308	23.800
308	23.800
308	23.900
308	23.900
308	24.000
308	24.000
308	24.000
309	23.100
309	23.500
309	23.500
309	23.700
310	23.100
310	23.500
310	23.500
310	23.700
310	23.900
308	24.100
308	24.100
308	24.200
308	24.200
308	24.200
308	24.300
308	24.300
308	24.400
308	24.500
308	24.500
308	24.600
308	24.700
308	24.700
308	24.800
308	24.900
308	24.900
309	24.700
309	24.800
309	24.800
309	25.000
310	24.600
310	24.800
311	30.300
311	30.400
311	30.500
311	30.500
311	30.500
311	30.600
311	30.600
311	30.700
311	30.700
311	30.700
311	30.700
311	30.800
311	30.800
311	30.800
311	30.900
311	31.000
312	30.500
312	30.700
312	30.700
312	30.800
312	30.900
312	31.000
313	30.400
313	30.600
311	31.100
311	31.100
311	31.100
311	31.200
311	31.300
311	31.300
311	31.300
311	31.400
311	31.400
311	31.500
311	31.500
311	31.500
311	31.600
311	31.600
311	31.600
311	31.700
311	31.800
311	31.800
311	31.900
311	31.900
311	31.900
311	32.000
311	32.000
311	32.000
311	32.000
312	31.100
312	31.200
312	31.200
312	31.300
312	31.400
313	31.800
311	32.100
311	32.300
311	32.300
311	32.300
311	32.300
311	32.500
311	32.600
311	32.700
311	32.700
311	32.800
311	32.900
311	33.000
311	33.000
312	32.300
312	32.400
312	32.900
313	32.100
311	33.300
311	33.300
311	33.400
311	33.600
311	33.600
311	33.700
311	33.700
311	33.900
311	33.900
312	33.400
312	33.600
313	33.800
313	33.900
313	34.000
311	34.100
311	34.100
311	34.100
311	34.100
311	34.200
311	34.300
311	34.300
311	34.400
311	34.400
311	34.500
311	34.500
311	34.500
311	34.600
311	34.600
311	34.600
311	34.800
311	34.900
312	34.400
312	34.600
312	34.600
312	34.600
312	34.900
312	34.900
313	34.200
313	34.300
313	34.700
313	34.800
311	35.100
311	35.100
311	35.200
311	35.300
311	35.300
311	35.400
311	35.400
311	35.400
311	35.500
311	35.500
311	35.500
311	35.500
311	35.600
311	35.600
311	35.600
311	35.700
311	35.800
311	36.000
312	35.100
312	35.200
312	35.200
312	35.300
312	35.400
312	35.500
312	35.500
312	35.700
312	35.700
312	36.000
311	36.100
311	36.100
311	36.300
311	36.400
311	36.500
311	36.600
311	36.600
311	36.600
311	36.600
311	36.700
311	36.800
311	36.900
311	37.000
311	37.000
311	37.000
311	37.000
312	36.200
312	36.300
312	36.300
313	36.400
311	37.100
311	37.200
311	37.200
311	37.200
311	37.300
311	37.300
311	37.500
311	37.500
311	37.700
311	37.800
311	37.800
311	37.900
311	37.900
311	37.900
311	38.000
312	37.300
312	37.400
312	37.900
313	37.300
311	38.100
311	38.100
311	38.100
311	38.200
311	38.200
311	38.300
311	38.300
311	38.300
311	38.300
311	38.300
311	38.300
311	38.400
311	38.500
311	38.600
311	38.600
311	38.600
311	38.700
311	38.700
311	38.700
311	38.700
311	38.700
311	38.800
311	38.900
311	38.900
311	38.900
311	38.900
311	38.900
311	39.000
311	39.000
311	39.000
312	38.100
312	38.400
312	38.400
312	38.700
312	38.700
312	39.000
313	38.900
311	39.100
311	39.100
311	39.200
311	39.300
311	39.400
311	39.600
311	39.600
311	39.600
311	39.700
311	39.700
311	39.800
311	39.900
311	40.000
311	40.000
312	39.100
312	39.300
312	39.300
312	39.800
313	39.100
313	39.800
311	40.100
311	40.100
311	40.100
312	40.100
314	45.200
314	45.200
314	45.200
314	45.200
314	45.300
314	45.300
314	45.300
314	45.400
314	45.400
314	45.500
314	45.600
314	45.600
314	45.700
314	45.700
314	45.700
314	45.700
314	45.900
314	45.900
314	46.000
315	45.200
315	45.300
315	45.400
315	45.600
316	45.500
316	45.800
314	46.100
314	46.300
314	46.300
314	46.300
314	46.500
314	46.500
314	46.600
314	46.700
314	46.700
314	46.800
314	46.900
314	46.900
314	47.000
314	47.000
315	46.400
315	46.500
315	46.500
315	46.600
315	46.900
314	47.100
314	47.100
314	47.100
314	47.200
314	47.200
314	47.200
314	47.300
314	47.400
314	47.500
314	47.500
314	47.500
314	47.600
314	47.700
314	47.700
314	47.800
314	47.800
314	47.800
314	47.800
314	47.800
314	47.800
314	47.800
314	47.900
314	47.900
314	47.900
314	47.900
314	48.000
314	48.000
314	48.000
315	47.100
315	47.200
315	47.400
315	47.600
315	47.700
315	47.800
315	48.000
315	48.000
315	48.000
316	47.200
316	47.400
314	48.100
314	48.200
314	48.300
314	48.300
314	48.500
314	48.500
314	48.600
314	48.700
314	48.900
314	49.000
314	49.000
315	48.100
315	48.400
316	48.900
314	49.100
314	49.100
314	49.200
314	49.200
314	49.300
314	49.400
314	49.400
314	49.400
314	49.500
314	49.600
314	49.600
314	49.600
314	49.700
314	49.800
314	49.800
314	49.900
314	50.000
314	50.000
315	49.500
315	49.500
315	49.700
315	50.000
316	49.200
316	49.300
314	50.100
314	50.100
314	50.200
314	50.300
314	50.300
314	50.400
314	50.500
314	50.500
314	50.500
314	50.600
314	50.600
314	50.700
314	51.000
314	51.000
314	51.000
315	50.400
315	50.500
315	50.700
315	50.900
315	51.000
316	50.800
314	51.100
314	51.100
314	51.300
314	51.300
314	51.400
314	51.500
314	51.500
314	51.500
314	51.600
314	51.600
314	51.600
314	51.600
314	51.700
314	51.700
314	51.700
314	51.900
314	52.000
314	52.000
314	52.000
314	52.000
315	51.200
315	51.500
315	51.600
315	51.800
315	51.900
316	51.200
316	51.500
316	51.500
316	51.500
314	52.100
314	52.100
314	52.300
314	52.300
314	52.300
314	52.400
314	52.400
314	52.500
314	52.600
314	52.600
314	52.600
314	52.900
314	53.000
314	53.000
315	52.500
316	52.300
316	52.300
316	52.900
314	53.100
314	53.100
314	53.200
314	53.200
314	53.200
314	53.200
314	53.200
314	53.300
314	53.300
314	53.300
314	53.400
314	53.400
314	53.400
314	53.500
314	53.500
314	53.900
314	53.900
314	54.000
314	54.000
315	53.300
315	53.300
315	53.500
316	53.200
316	53.300
316	53.700
314	54.100
314	54.400
314	54.400
314	54.400
314	54.400
314	54.500
314	54.500
314	54.500
314	54.500
314	54.500
314	54.600
314	54.600
314	54.600
314	54.700
314	54.700
314	54.800
314	54.900
314	55.000
315	54.500
315	54.500
315	54.800
316	54.300
316	54.400
316	54.800
314	55.100
314	55.100
317	60.200
317	60.200
317	60.300
317	60.300
317	60.400
317	60.500
317	60.700
317	60.800
317	60.900
317	61.000
318	60.200
318	60.300
318	60.400
318	60.500
318	60.700
318	60.900
318	61.000
319	60.200
319	60.500
317	61.100
317	61.100
317	61.100
317	61.200
317	61.200
317	61.400
317	61.400
317	61.400
317	61.400
317	61.500
317	61.500
317	61.500
317	61.500
317	61.600
317	61.600
317	61.800
317	61.900
317	61.900
317	62.000
317	62.000
317	62.000
317	62.000
318	61.100
318	61.100
318	61.100
318	61.400
318	61.500
318	61.500
318	61.700
318	61.700
318	61.800
318	62.000
318	62.000
318	62.000
318	62.000
317	62.100
317	62.100
317	62.200
317	62.200
317	62.300
317	62.300
317	62.300
317	62.600
317	62.600
317	62.700
317	62.900
317	63.000
318	62.600
318	62.800
318	62.900
319	62.300
319	62.400
319	62.700
317	63.200
317	63.300
317	63.300
317	63.400
317	63.600
317	63.800
317	63.800
317	63.800
317	63.800
317	64.000
317	64.000
318	63.300
318	63.500
318	63.500
318	63.600
318	63.800
318	63.900
318	63.900
319	63.400
319	63.600
319	63.600
319	64.000
317	64.100
317	64.200
317	64.200
317	64.200
317	64.300
317	64.300
317	64.300
317	64.400
317	64.500
317	64.500
317	64.600
317	64.600
317	64.600
317	64.700
317	64.700
317	64.700
317	64.800
317	64.800
317	64.900
317	64.900
317	65.000
318	64.300
318	64.300
318	64.800
319	64.200
319	64.500
319	64.500
317	65.100
317	65.100
317	65.300
317	65.300
317	65.500
317	65.500
317	65.600
317	65.600
317	65.600
317	65.900
317	65.900
317	66.000
318	65.200
318	65.400
318	65.400
318	65.900
318	65.900
319	65.300
319	65.600
319	65.700
319	65.800
319	65.900
317	66.100
317	66.100
317	66.200
317	66.200
317	66.400
317	66.400
317	66.400
317	66.500
317	66.500
317	66.600
317	66.600
317	66.600
317	66.600
317	66.600
317	66.600
317	66.700
317	66.900
317	66.900
317	66.900
317	67.000
317	67.000
318	66.100
318	66.500
319	67.000
317	67.200
317	67.200
317	67.200
317	67.200
317	67.200
317	67.200
317	67.300
317	67.400
317	67.400
317	67.400
317	67.400
317	67.400
317	67.400
317	67.500
317	67.500
317	67.500
317	67.700
317	67.700
317	67.700
317	67.700
317	67.800
317	67.800
317	67.800
317	67.900
317	68.000
317	68.000
318	67.200
318	68.000
319	67.100
317	68.100
317	68.100
317	68.400
317	68.400
317	68.500
317	68.600
317	68.600
317	68.600
317	68.600
317	68.600
317	68.700
317	68.900
317	68.900
317	69.000
318	68.300
318	68.600
318	68.900
318	69.000
319	68.400
319	68.600
319	68.700
319	68.800
319	68.900
317	69.100
317	69.100
317	69.200
317	69.300
317	69.300
317	69.300
317	69.400
317	69.400
317	69.400
317	69.400
317	69.500
317	69.600
317	69.700
317	69.700
317	69.800
317	69.800
317	69.900
317	69.900
317	69.900
318	69.400
318	69.700
318	69.900
318	69.900
318	70.000
319	69.700
317	70.100
320	75.300
320	75.300
320	75.300
320	75.500
320	75.500
320	75.500
320	75.600
320	75.700
320	75.800
320	75.800
320	75.900
320	75.900
320	75.900
320	76.000
321	75.300
321	75.300
321	75.500
321	75.700
321	75.900
322	75.200
322	75.200
322	75.400
322	75.800
322	75.800
322	76.000
320	76.100
320	76.100
320	76.200
320	76.200
320	76.400
320	76.500
320	76.500
320	76.500
320	76.600
320	76.700
320	76.700
320	76.800
320	76.800
320	76.900
320	77.000
320	77.000
321	76.200
321	76.200
321	76.200
321	76.300
321	76.300
321	76.700
321	77.000
322	76.300
322	76.700
320	77.100
320	77.100
320	77.100
320	77.100
320	77.200
320	77.300
320	77.300
320	77.400
320	77.500
320	77.500
320	77.600
320	77.600
320	77.600
320	77.700
320	77.800
320	77.800
320	77.800
320	77.800
321	77.200
321	77.300
321	77.500
321	77.800
321	77.800
321	77.900
322	77.100
322	77.100
322	77.500
322	77.500
322	77.800
320	78.300
320	78.300
320	78.400
320	78.600
320	78.900
320	78.900
320	78.900
320	78.900
320	79.000
321	78.400
321	78.600
322	78.200
322	78.600
322	78.800
320	79.100
320	79.100
320	79.100
320	79.200
320	79.200
320	79.300
320	79.300
320	79.400
320	79.400
320	79.400
320	79.600
320	79.600
320	79.600
320	79.600
320	79.700
320	79.700
320	79.800
321	79.100
321	79.600
321	79.600
321	79.900
321	80.000
321	80.000
322	79.100
322	79.400
320	80.100
320	80.100
320	80.300
320	80.300
320	80.400
320	80.400
320	80.500
320	80.600
320	80.600
320	80.700
320	80.700
320	80.800
320	80.800
320	80.900
320	81.000
320	81.000
320	81.000
321	80.200
321	80.300
321	80.500
321	80.700
321	81.000
321	81.000
321	81.000
320	81.100
320	81.100
320	81.100
320	81.200
320	81.200
320	81.200
320	81.300
320	81.300
320	81.400
320	81.500
320	81.700
320	81.700
320	81.800
320	81.800
320	81.800
320	81.900
320	81.900
320	82.000
321	81.700
321	81.800
321	82.000
320	82.100
320	82.100
320	82.100
320	82.200
320	82.400
320	82.500
320	82.500
320	82.500
320	82.600
320	82.600
320	82.600
320	82.600
320	82.800
320	82.800
320	82.900
320	82.900
321	82.100
321	82.300
321	82.700
322	82.300
322	82.400
320	83.200
320	83.200
320	83.200
320	83.400
320	83.500
320	83.500
320	83.500
320	83.600
320	83.600
320	83.700
320	83.800
320	83.900
320	83.900
320	84.000
321	83.300
321	83.400
321	83.600
321	83.700
321	83.800
321	83.800
321	83.900
322	83.100
322	83.200
322	83.600
320	84.100
320	84.100
320	84.100
320	84.200
320	84.300
320	84.300
320	84.300
320	84.300
320	84.300
320	84.400
320	84.400
320	84.400
320	84.500
320	84.600
320	84.700
320	84.700
320	84.700
320	84.800
320	84.800
320	84.900
320	84.900
320	85.000
320	85.000
321	84.100
321	84.200
321	84.400
321	84.700
321	85.000
322	84.800
320	85.100
320	85.100
320	85.100
321	85.100
323	90.200
323	90.200
323	90.200
323	90.300
323	90.400
323	90.800
323	90.800
323	90.800
323	90.800
323	90.900
323	90.900
323	90.900
323	91.000
324	90.200
324	90.200
324	90.300
324	90.400
324	90.500
324	91.000
325	90.600
323	91.100
323	91.100
323	91.200
323	91.200
323	91.500
323	91.500
323	91.500
323	91.500
323	91.500
323	91.600
323	91.800
323	91.900
323	92.000
323	92.000
324	91.400
324	91.500
324	91.700
325	91.400
325	91.400
325	91.700
323	92.100
323	92.100
323	92.100
323	92.100
323	92.200
323	92.200
323	92.200
323	92.300
323	92.300
323	92.400
323	92.500
323	92.600
323	92.600
323	92.700
323	92.700
323	92.700
323	92.800
323	92.800
323	92.900
323	92.900
323	92.900
324	92.300
324	92.300
324	92.500
324	92.600
324	93.000
324	93.000
325	92.200
325	92.600
323	93.200
323	93.200
323	93.300
323	93.300
323	93.400
323	93.600
323	93.700
323	93.800
323	93.900
323	93.900
323	93.900
323	93.900
323	94.000
323	94.000
324	93.400
324	93.600
324	93.600
324	93.700
324	93.800
324	93.900
324	94.000
325	93.600
323	94.100
323	94.100
323	94.200
323	94.200
323	94.300
323	94.300
323	94.400
323	94.400
323	94.400
323	94.500
323	94.600
323	94.700
323	94.700
323	94.700
323	94.800
323	94.800
323	94.900
323	94.900
323	94.900
323	95.000
323	95.000
323	95.000
324	94.400
325	94.700
325	94.700
323	95.100
323	95.100
323	95.100
323	95.100
323	95.200
323	95.300
323	95.400
323	95.500
323	95.500
323	95.600
323	95.700
323	95.700
323	95.800
323	95.900
323	96.000
324	95.200
324	95.400
324	95.600
325	95.400
325	95.400
325	95.500
323	96.100
323	96.100
323	96.100
323	96.200
323	96.200
323	96.200
323	96.300
323	96.300
323	96.300
323	96.400
323	96.400
323	96.400
323	96.400
323	96.500
323	96.500
323	96.500
323	96.500
323	96.700
323	96.700
323	96.700
323	96.700
323	96.800
323	96.800
323	96.900
323	97.000
324	96.300
324	96.400
324	96.500
324	96.700
325	96.200
325	96.500
325	96.700
323	97.100
323	97.100
323	97.100
323	97.300
323	97.400
323	97.400
323	97.500
323	97.500
323	97.600
323	97.600
323	97.600
323	97.700
323	97.700
323	97.700
323	97.800
323	97.900
323	97.900
323	97.900
323	97.900
323	98.000
323	98.000
323	98.000
323	98.000
323	98.000
324	97.100
324	97.400
324	97.800
324	97.800
324	97.900
325	97.500
323	98.100
323	98.100
323	98.200
323	98.300
323	98.300
323	98.400
323	98.500
323	98.500
323	98.500
323	98.600
323	98.600
323	98.700
323	98.800
323	98.800
323	98.800
323	98.900
323	98.900
323	98.900
323	99.000
323	99.000
323	99.000
324	98.700
324	98.800
324	98.800
324	98.900
324	98.900
325	98.800
323	99.100
323	99.100
323	99.100
323	99.100
323	99.200
323	99.300
323	99.600
323	99.600
323	99.600
323	99.600
323	99.600
323	99.700
323	99.800
323	99.800
323	99.800
323	99.800
323	99.900
323	100.000
323	100.000
323	100.000
323	100.000
323	100.000
324	99.200
324	99.200
324	99.500
324	99.600
324	100.000
325	99.800
325	100.000
325	100.000
323	100.100
326	105.200
326	105.300
326	105.400
326	105.400
326	105.400
326	105.400
326	105.500
326	105.500
326	105.500
326	105.600
326	105.800
326	105.800
326	105.800
326	105.800
326	105.900
326	105.900
327	105.600
327	105.600
327	105.600
327	105.800
327	106.000
326	106.100
326	106.100
326	106.200
326	106.200
326	106.200
326	106.300
326	106.300
326	106.300
326	106.300
326	106.400
326	106.400
326	106.500
326	106.600
326	106.800
326	106.900
326	106.900
326	106.900
326	106.900
326	107.000
326	107.000
327	106.100
327	106.300
327	106.700
327	106.700
326	107.100
326	107.100
326	107.200
326	107.200
326	107.200
326	107.300
326	107.400
326	107.400
326	107.500
326	107.500
326	107.600
326	107.700
326	107.700
326	107.800
326	107.800
326	107.800
326	107.800
326	107.800
326	107.800
326	107.800
326	107.900
326	107.900
326	107.900
326	108.000
326	108.000
327	107.100
327	107.300
327	107.300
327	107.400
327	107.400
327	107.700
327	107.900
327	107.900
327	107.900
328	107.800
328	107.800
328	107.900
326	108.100
326	108.200
326	108.200
326	108.200
326	108.200
326	108.300
326	108.400
326	108.400
326	108.500
326	108.500
326	108.600
326	108.700
326	108.700
326	108.700
326	108.700
326	108.800
326	108.800
326	108.900
326	109.000
326	109.000
327	108.500
327	108.500
327	108.600
327	109.000
328	108.200
326	109.200
326	109.200
326	109.300
326	109.300
326	109.300
326	109.400
326	109.600
326	109.600
326	109.600
326	109.700
326	109.700
326	109.700
326	109.700
326	109.800
326	109.800
326	109.800
326	109.900
326	109.900
327	109.300
327	109.500
327	109.900
328	109.300
328	109.500
328	109.900
326	110.100
326	110.100
326	110.300
326	110.400
326	110.400
326	110.600
326	110.600
326	110.700
326	110.700
326	110.700
326	110.700
326	110.900
326	111.000
326	111.000
326	111.000
327	110.300
327	110.300
327	110.800
327	110.900
328	110.400
328	110.800
328	110.800
326	111.100
326	111.100
326	111.200
326	111.200
326	111.200
326	111.300
326	111.300
326	111.300
326	111.300
326	111.300
326	111.300
326	111.400
326	111.500
326	111.600
326	111.600
326	111.600
326	111.800
327	111.300
327	111.700
327	112.000
328	111.100
328	111.200
328	111.800
326	112.100
326	112.100
326	112.200
326	112.200
326	112.300
326	112.400
326	112.400
326	112.400
326	112.400
326	112.400
326	112.500
326	112.600
326	112.600
326	112.800
326	112.900
326	112.900
326	112.900
326	112.900
326	112.900
326	113.000
327	112.200
327	112.500
327	112.700
327	113.000
328	112.100
328	112.800
328	112.800
328	113.000
326	113.100
326	113.100
326	113.100
326	113.100
326	113.200
326	113.200
326	113.300
326	113.500
326	113.500
326	113.600
326	113.600
326	113.700
326	113.800
326	113.900
326	113.900
326	114.000
326	114.000
326	114.000
326	114.000
327	113.100
327	113.400
327	113.400
327	113.400
327	113.500
327	113.800
327	113.900
328	113.100
328	113.300
326	114.100
326	114.200
326	114.400
326	114.400
326	114.400
326	114.400
326	114.500
326	114.700
326	114.700
326	114.700
326	114.700
326	114.700
326	115.000
326	115.000
326	115.000
326	115.000
326	115.000
326	115.000
327	114.200
327	114.300
327	114.500
328	114.800
326	115.100
326	115.100
327	115.100
328	115.100
