# NEST version: nest-3.1
# RecordingBackendASCII version: 2
sender	time_ms
1	344894.000
3	344894.000
5	344894.000
7	344894.000
9	344894.000
11	344894.000
13	344894.000
15	344894.000
17	344894.000
19	344894.000
21	344894.000
23	344894.000
25	344894.000
27	344894.000
29	344894.000
31	344894.000
33	344894.000
35	344894.000
37	344894.000
39	344894.000
41	344894.000
43	344894.000
45	344894.000
47	344894.000
49	344894.000
51	344894.000
53	344894.000
55	344894.000
57	344894.000
59	344894.000
61	344894.000
63	344894.000
65	344894.000
67	344894.000
69	344894.000
71	344894.000
73	344894.000
75	344894.000
79	344894.000
81	344894.000
83	344894.000
85	344894.000
87	344894.000
89	344894.000
91	344894.000
93	344894.000
95	344894.000
97	344894.000
99	344894.000
101	344894.000
103	344894.000
107	344894.000
109	344894.000
111	344894.000
113	344894.000
115	344894.000
117	344894.000
119	344894.000
121	344894.000
123	344894.000
125	344894.000
127	344894.000
129	344894.000
131	344894.000
133	344894.000
135	344894.000
137	344894.000
139	344894.000
141	344894.000
143	344894.000
145	344894.000
147	344894.000
149	344894.000
151	344894.000
153	344894.000
155	344894.000
157	344894.000
159	344894.000
161	344894.000
163	344894.000
165	344894.000
167	344894.000
169	344894.000
171	344894.000
173	344894.000
175	344894.000
177	344894.000
179	344894.000
181	344894.000
183	344894.000
185	344894.000
187	344894.000
191	344894.000
193	344894.000
195	344894.000
197	344894.000
199	344894.000
203	344894.000
205	344894.000
207	344894.000
209	344894.000
211	344894.000
213	344894.000
215	344894.000
217	344894.000
219	344894.000
221	344894.000
223	344894.000
225	344894.000
227	344894.000
229	344894.000
231	344894.000
235	344894.000
237	344894.000
239	344894.000
77	344894.100
105	344894.100
189	344894.100
201	344894.100
233	344894.100
43	344903.900
49	344904.000
1	344904.400
3	344904.400
5	344904.400
7	344904.400
9	344904.400
11	344904.400
13	344904.400
15	344904.400
17	344904.400
19	344904.400
21	344904.400
23	344904.400
25	344904.400
27	344904.400
29	344904.400
31	344904.100
33	344904.400
35	344904.400
37	344904.400
39	344904.400
41	344904.400
45	344904.400
47	344904.200
51	344904.400
53	344904.400
55	344904.400
57	344904.400
59	344904.400
61	344904.400
63	344904.400
65	344904.400
67	344904.400
69	344904.400
71	344904.400
73	344904.400
75	344904.400
77	344904.400
79	344904.400
81	344904.400
83	344904.400
85	344904.400
87	344904.400
89	344904.400
91	344904.400
93	344904.400
95	344904.400
97	344904.400
99	344904.400
101	344904.400
103	344904.400
105	344904.400
107	344904.400
109	344904.400
111	344904.400
113	344904.400
115	344904.400
117	344904.400
119	344904.400
121	344904.400
123	344904.400
125	344904.400
127	344904.400
129	344904.400
131	344904.400
133	344904.400
135	344904.400
137	344904.400
139	344904.400
141	344904.400
143	344904.400
145	344904.400
147	344904.400
149	344904.400
151	344904.400
153	344904.400
155	344904.400
157	344904.400
159	344904.400
161	344904.400
163	344904.400
165	344904.400
167	344904.400
169	344904.400
171	344904.400
173	344904.400
175	344904.400
177	344904.400
179	344904.400
181	344904.400
183	344904.400
185	344904.400
187	344904.400
189	344904.400
191	344904.400
193	344904.400
195	344904.400
197	344904.400
199	344904.400
201	344904.400
203	344904.400
205	344904.400
207	344904.400
209	344904.400
211	344904.400
213	344904.400
215	344904.400
217	344904.400
219	344904.400
221	344904.400
223	344904.400
225	344904.400
227	344904.400
229	344904.400
231	344904.400
233	344904.400
235	344904.400
237	344904.400
239	344904.400
1	344914.600
3	344914.600
5	344914.600
7	344914.600
9	344914.600
11	344914.600
13	344914.600
15	344914.600
17	344914.600
19	344914.600
21	344914.600
23	344914.600
25	344914.600
27	344914.600
29	344914.600
31	344914.600
33	344914.600
35	344914.600
37	344914.600
39	344914.600
41	344914.600
43	344914.600
45	344914.600
47	344914.600
49	344914.600
51	344914.600
53	344914.600
55	344914.600
57	344914.600
59	344914.600
61	344914.600
63	344914.600
65	344914.600
67	344914.600
69	344914.600
71	344914.600
73	344914.600
75	344914.600
77	344914.600
79	344914.600
81	344914.600
83	344914.600
85	344914.600
87	344914.600
89	344914.600
91	344914.600
93	344914.600
95	344914.600
97	344914.600
99	344914.600
101	344914.600
103	344914.600
105	344914.600
107	344914.600
109	344914.600
111	344914.600
113	344914.600
115	344914.600
117	344914.600
119	344914.600
121	344914.600
123	344914.600
125	344914.600
127	344914.600
129	344914.600
131	344914.600
133	344914.600
135	344914.600
137	344914.600
139	344914.600
141	344914.600
143	344914.600
145	344914.600
147	344914.600
149	344914.600
151	344914.600
153	344914.600
155	344914.600
157	344914.600
159	344914.600
161	344914.600
163	344914.600
165	344914.600
167	344914.600
169	344914.600
171	344914.600
173	344914.600
175	344914.600
177	344914.600
179	344914.600
181	344914.600
183	344914.600
185	344914.600
187	344914.600
189	344914.600
191	344914.600
193	344914.600
195	344914.600
197	344914.600
199	344914.600
201	344914.600
203	344914.600
205	344914.600
207	344914.600
209	344914.600
211	344914.600
213	344914.600
215	344914.600
217	344914.600
219	344914.600
221	344914.600
223	344914.600
225	344914.600
227	344914.600
229	344914.600
231	344914.600
233	344914.600
235	344914.600
237	344914.600
239	344914.600
71	344924.800
1	344925.300
3	344925.300
5	344925.300
7	344925.300
9	344925.300
11	344925.300
13	344925.300
15	344925.300
17	344925.300
19	344925.300
21	344925.300
23	344925.300
25	344925.300
27	344925.300
29	344925.300
31	344925.300
33	344925.300
35	344925.300
37	344925.300
39	344925.300
41	344925.300
43	344925.300
45	344925.300
47	344925.300
49	344925.300
51	344925.300
53	344925.300
55	344925.300
57	344925.300
59	344925.300
61	344925.300
63	344925.300
65	344925.300
67	344925.300
69	344925.300
73	344925.300
75	344925.300
77	344925.300
79	344925.300
81	344925.300
83	344925.300
85	344925.300
87	344925.300
89	344925.300
91	344925.300
93	344925.300
95	344925.300
97	344925.300
99	344925.300
101	344925.300
103	344925.300
105	344925.300
107	344925.300
109	344925.300
111	344925.300
113	344925.300
115	344925.300
117	344925.300
119	344925.300
121	344925.300
123	344925.300
125	344925.300
127	344925.300
129	344925.300
131	344925.300
133	344925.300
135	344925.300
137	344925.300
139	344925.300
141	344925.300
143	344925.300
145	344925.300
147	344925.300
149	344925.300
151	344925.300
153	344925.300
155	344925.300
157	344925.300
159	344925.300
161	344925.300
163	344925.300
165	344925.300
167	344925.300
169	344925.300
171	344925.300
173	344925.300
175	344925.300
177	344925.300
179	344925.300
181	344925.300
183	344925.300
185	344925.300
187	344925.300
189	344925.300
191	344925.300
193	344925.300
195	344925.300
197	344925.300
199	344925.300
201	344925.300
203	344925.300
205	344925.300
207	344925.300
209	344925.300
211	344925.300
213	344925.300
215	344925.300
217	344925.300
219	344925.300
221	344925.300
223	344925.300
225	344925.300
227	344925.300
229	344925.300
231	344925.300
233	344925.300
235	344925.300
237	344925.300
239	344925.300
1	344935.600
3	344935.700
5	344935.500
7	344935.600
9	344935.500
11	344935.600
13	344935.600
15	344935.800
17	344935.600
19	344935.600
21	344935.600
23	344935.600
25	344935.500
27	344935.700
29	344935.600
31	344935.600
33	344935.500
35	344935.600
37	344935.600
39	344935.600
41	344935.700
43	344935.500
45	344935.800
47	344935.600
49	344935.600
51	344935.600
53	344935.800
55	344935.600
57	344935.700
59	344935.800
61	344935.600
63	344935.600
65	344935.600
67	344935.800
69	344935.700
71	344935.500
73	344935.500
75	344935.600
77	344935.600
79	344935.700
81	344935.600
83	344935.700
85	344935.600
87	344935.600
89	344935.600
91	344935.500
93	344935.500
95	344935.500
97	344935.500
99	344935.600
101	344935.500
103	344935.500
105	344935.500
107	344935.500
109	344935.500
111	344935.500
113	344935.500
115	344935.500
117	344935.500
119	344935.500
121	344935.600
123	344935.600
125	344935.600
127	344935.800
129	344935.600
131	344935.500
133	344935.600
135	344935.600
137	344935.600
139	344935.500
141	344935.500
143	344935.700
145	344935.600
147	344935.600
149	344935.600
151	344935.700
153	344935.600
155	344935.700
157	344935.700
159	344935.600
161	344935.600
163	344935.700
165	344935.700
167	344935.600
169	344935.600
171	344935.600
173	344935.800
175	344935.800
177	344935.600
179	344935.800
181	344935.600
183	344935.700
185	344935.500
187	344935.500
189	344935.600
191	344935.600
193	344935.700
195	344935.800
197	344935.600
199	344935.500
201	344935.800
203	344935.600
205	344935.500
207	344935.500
209	344935.600
211	344935.700
213	344935.500
215	344935.600
217	344935.600
219	344935.700
221	344935.600
223	344935.600
225	344935.800
227	344935.600
229	344935.500
231	344935.600
233	344935.500
235	344935.600
237	344935.600
239	344935.600
1	344946.900
5	344946.900
7	344946.800
9	344947.000
11	344947.000
13	344946.800
15	344947.000
17	344946.800
21	344946.900
23	344946.900
25	344946.700
29	344946.800
33	344947.000
37	344946.700
39	344946.900
43	344946.900
45	344946.900
47	344946.900
53	344947.000
55	344946.700
57	344947.000
61	344947.000
63	344946.900
71	344946.700
73	344946.900
77	344947.000
85	344946.800
87	344946.900
89	344946.800
93	344947.000
97	344946.900
99	344946.900
101	344946.700
103	344947.000
107	344946.700
109	344946.900
113	344946.800
115	344946.700
117	344946.700
119	344947.000
121	344946.900
123	344946.900
125	344947.000
129	344946.700
131	344947.000
139	344946.900
145	344946.800
151	344947.000
155	344946.700
159	344946.700
167	344946.900
171	344946.900
175	344947.000
177	344947.000
181	344946.400
183	344946.400
191	344946.700
193	344947.000
195	344946.900
197	344946.900
199	344947.000
203	344946.900
213	344946.900
215	344946.800
221	344946.600
223	344946.900
225	344947.000
227	344946.900
229	344946.800
235	344947.000
237	344946.700
239	344947.000
3	344947.900
19	344947.100
27	344947.200
31	344947.100
35	344947.800
41	344947.900
49	344947.600
51	344947.700
59	344947.900
65	344947.800
67	344947.100
69	344947.100
75	344947.800
79	344947.100
81	344947.700
83	344947.800
91	344947.800
95	344947.300
105	344947.700
111	344947.200
127	344947.200
133	344947.100
135	344947.100
137	344947.100
141	344947.100
143	344947.100
147	344947.400
149	344947.700
153	344947.800
157	344947.100
161	344947.900
163	344947.400
165	344947.800
169	344947.700
173	344947.900
179	344947.900
185	344947.800
187	344947.800
189	344947.100
201	344947.100
205	344947.800
207	344947.900
209	344947.800
211	344947.100
217	344947.400
219	344947.100
231	344947.100
233	344947.500
1	344958.700
3	344958.700
5	344958.700
7	344958.700
9	344958.700
11	344958.700
13	344958.700
15	344958.700
17	344958.700
19	344958.700
21	344958.700
23	344958.700
25	344958.700
27	344958.700
29	344958.700
31	344958.700
33	344958.700
35	344958.700
37	344958.700
39	344958.700
41	344958.700
43	344958.700
45	344958.700
47	344958.700
49	344958.700
51	344958.700
53	344958.700
55	344958.700
57	344958.700
59	344958.700
61	344958.700
63	344958.700
65	344958.700
67	344958.700
69	344958.700
71	344958.700
73	344958.700
75	344958.700
77	344958.700
79	344958.700
81	344958.700
83	344958.700
85	344958.700
87	344958.700
89	344958.700
91	344958.700
93	344958.700
95	344958.700
97	344958.700
99	344958.700
101	344958.700
103	344958.700
105	344958.700
107	344958.700
109	344958.700
111	344958.700
113	344958.700
115	344958.700
117	344958.700
119	344958.700
121	344958.700
123	344958.700
125	344958.700
127	344958.700
129	344958.700
131	344958.700
133	344958.700
135	344958.700
137	344958.700
139	344958.700
141	344958.700
143	344958.700
145	344958.700
147	344958.700
149	344958.700
151	344958.700
153	344958.700
155	344958.700
157	344958.700
159	344958.700
161	344958.700
163	344958.700
165	344958.700
167	344958.700
169	344958.700
171	344958.700
173	344958.700
175	344958.700
177	344958.700
179	344958.700
181	344958.700
183	344958.700
185	344958.700
187	344958.700
189	344958.700
191	344958.700
193	344958.700
195	344958.700
197	344958.700
199	344958.700
201	344958.700
203	344958.700
205	344958.700
207	344958.700
209	344958.700
211	344958.700
213	344958.700
215	344958.700
217	344958.700
219	344958.700
221	344958.700
223	344958.700
225	344958.700
227	344958.700
229	344958.700
231	344958.700
233	344958.700
235	344958.700
237	344958.700
239	344958.700
33	344969.000
143	344968.900
151	344969.000
153	344969.000
157	344968.800
161	344968.800
163	344969.000
167	344968.900
169	344968.900
173	344968.900
175	344968.800
177	344968.900
179	344968.900
1	344969.100
3	344969.100
5	344969.100
7	344969.100
9	344969.100
11	344969.100
13	344969.100
15	344969.100
17	344969.100
19	344969.100
21	344969.100
23	344969.100
25	344969.100
27	344969.100
29	344969.100
31	344969.100
35	344969.100
37	344969.100
39	344969.100
41	344969.100
43	344969.100
45	344969.100
47	344969.100
49	344969.100
51	344969.100
53	344969.100
55	344969.100
57	344969.100
59	344969.100
61	344969.100
63	344969.100
65	344969.100
67	344969.100
69	344969.100
71	344969.100
73	344969.100
75	344969.100
77	344969.100
79	344969.100
81	344969.100
83	344969.100
85	344969.100
87	344969.100
89	344969.100
91	344969.100
93	344969.100
95	344969.100
97	344969.100
99	344969.100
101	344969.100
103	344969.100
105	344969.100
107	344969.100
109	344969.100
111	344969.100
113	344969.100
115	344969.100
117	344969.100
119	344969.100
121	344969.100
123	344969.100
125	344969.100
127	344969.100
129	344969.100
131	344969.100
133	344969.100
135	344969.100
137	344969.100
139	344969.100
141	344969.100
145	344969.100
147	344969.100
149	344969.100
155	344969.100
159	344969.100
165	344969.100
171	344969.100
181	344969.100
183	344969.100
185	344969.100
187	344969.100
189	344969.100
191	344969.100
193	344969.100
195	344969.100
197	344969.100
199	344969.100
201	344969.100
203	344969.100
205	344969.100
207	344969.100
209	344969.100
211	344969.100
213	344969.100
215	344969.100
217	344969.100
219	344969.100
221	344969.100
223	344969.100
225	344969.100
227	344969.100
229	344969.100
231	344969.100
233	344969.100
235	344969.100
237	344969.100
239	344969.100
1	344979.000
3	344979.000
5	344979.000
7	344979.000
9	344979.000
11	344979.000
13	344979.000
15	344979.000
17	344979.000
19	344979.000
21	344979.000
23	344979.000
25	344979.000
27	344979.000
29	344979.000
31	344979.000
33	344979.000
35	344979.000
37	344979.000
39	344979.000
41	344979.000
43	344979.000
45	344979.000
47	344979.000
49	344979.000
51	344979.000
53	344979.000
55	344979.000
57	344979.000
59	344979.000
61	344979.000
63	344979.000
65	344979.000
67	344979.000
69	344979.000
71	344979.000
73	344979.000
75	344979.000
77	344979.000
79	344979.000
81	344979.000
83	344979.000
85	344979.000
87	344979.000
89	344979.000
91	344979.000
93	344979.000
95	344979.000
97	344979.000
99	344979.000
101	344979.000
103	344979.000
105	344979.000
107	344979.000
109	344979.000
111	344979.000
113	344979.000
115	344979.000
117	344979.000
119	344979.000
121	344979.000
123	344979.000
125	344979.000
127	344979.000
129	344979.000
131	344979.000
133	344979.000
135	344979.000
137	344979.000
139	344979.000
141	344979.000
143	344979.000
145	344979.000
147	344979.000
149	344979.000
151	344979.000
153	344979.000
155	344979.000
157	344979.000
159	344979.000
161	344979.000
163	344979.000
165	344979.000
167	344979.000
169	344979.000
171	344979.000
173	344979.000
175	344979.000
177	344979.000
179	344979.000
181	344979.000
183	344979.000
185	344979.000
187	344979.000
189	344979.000
191	344979.000
193	344979.000
195	344979.000
197	344979.000
199	344979.000
201	344979.000
203	344979.000
205	344979.000
207	344979.000
209	344979.000
211	344979.000
213	344979.000
215	344979.000
217	344979.000
219	344979.000
221	344979.000
223	344979.000
225	344979.000
227	344979.000
229	344979.000
231	344979.000
233	344979.000
235	344979.000
237	344979.000
239	344979.000
9	344989.900
27	344989.600
51	344990.000
83	344989.900
87	344989.600
89	344989.900
93	344989.600
99	344989.600
115	344989.900
119	344989.600
135	344990.000
137	344989.900
163	344989.900
169	344989.600
189	344989.900
193	344989.600
197	344989.700
205	344989.600
213	344989.600
215	344989.600
221	344989.600
227	344990.000
239	344989.600
1	344990.100
3	344990.100
5	344990.300
7	344990.300
11	344990.300
13	344990.300
15	344990.300
17	344990.300
19	344990.100
21	344990.300
23	344990.300
25	344990.300
29	344990.300
31	344990.300
33	344990.100
35	344990.300
37	344990.200
39	344990.200
41	344990.300
43	344990.100
45	344990.100
47	344990.100
49	344990.200
53	344990.300
55	344990.100
57	344990.300
59	344990.200
61	344990.300
63	344990.100
65	344990.300
67	344990.100
69	344990.300
71	344990.300
73	344990.300
75	344990.300
77	344990.300
79	344990.300
81	344990.300
85	344990.300
91	344990.100
95	344990.300
97	344990.300
101	344990.100
103	344990.100
105	344990.100
107	344990.300
109	344990.200
111	344990.300
113	344990.300
117	344990.300
121	344990.300
123	344990.300
125	344990.300
127	344990.300
129	344990.200
131	344990.300
133	344990.300
139	344990.300
141	344990.100
143	344990.200
145	344990.100
147	344990.300
149	344990.300
151	344990.100
153	344990.300
155	344990.300
157	344990.300
159	344990.300
161	344990.300
165	344990.300
167	344990.100
171	344990.300
173	344990.100
175	344990.300
177	344990.200
179	344990.300
181	344990.300
183	344990.300
185	344990.300
187	344990.300
191	344990.300
195	344990.300
199	344990.100
201	344990.200
203	344990.200
207	344990.300
209	344990.300
211	344990.300
217	344990.300
219	344990.300
223	344990.300
225	344990.300
229	344990.100
231	344990.300
233	344990.100
235	344990.300
237	344990.200
215	345000.000
221	344999.700
