# NEST version: nest-3.1
# RecordingBackendASCII version: 2
sender	time_ms
2	344894.000
4	344894.000
6	344894.000
8	344894.000
10	344894.000
12	344894.000
14	344894.000
16	344894.000
18	344894.000
20	344894.000
22	344894.000
24	344894.000
26	344894.000
28	344894.000
30	344894.000
32	344894.000
34	344894.000
36	344894.000
38	344894.000
40	344894.000
42	344894.000
44	344894.000
46	344894.000
48	344894.000
52	344894.000
54	344894.000
56	344894.000
58	344894.000
62	344894.000
64	344894.000
66	344894.000
68	344894.000
70	344894.000
72	344894.000
74	344894.000
76	344894.000
78	344894.000
80	344894.000
82	344894.000
86	344894.000
88	344894.000
90	344894.000
92	344894.000
94	344894.000
96	344894.000
98	344894.000
100	344894.000
102	344894.000
104	344894.000
106	344894.000
108	344894.000
110	344894.000
112	344894.000
114	344894.000
116	344894.000
118	344894.000
120	344894.000
122	344894.000
124	344894.000
126	344894.000
128	344894.000
130	344894.000
132	344894.000
134	344894.000
136	344894.000
138	344894.000
140	344894.000
142	344894.000
144	344894.000
146	344894.000
148	344894.000
150	344894.000
152	344894.000
154	344894.000
158	344894.000
160	344894.000
162	344894.000
164	344894.000
166	344894.000
168	344894.000
170	344894.000
172	344894.000
174	344894.000
176	344894.000
178	344894.000
180	344894.000
182	344894.000
184	344894.000
186	344894.000
188	344894.000
190	344894.000
192	344894.000
194	344894.000
196	344894.000
198	344894.000
200	344894.000
202	344894.000
204	344894.000
206	344894.000
208	344894.000
210	344894.000
212	344894.000
214	344894.000
216	344894.000
218	344894.000
220	344894.000
222	344894.000
226	344894.000
228	344894.000
230	344894.000
234	344894.000
236	344894.000
238	344894.000
240	344894.000
50	344894.100
60	344894.100
84	344894.100
156	344894.100
224	344894.100
232	344894.100
36	344903.900
2	344904.400
4	344904.400
6	344904.400
8	344904.400
10	344904.400
12	344904.400
14	344904.400
16	344904.400
18	344904.400
20	344904.400
22	344904.400
24	344904.400
26	344904.400
28	344904.400
30	344904.400
32	344904.400
34	344904.400
38	344904.400
40	344904.400
42	344904.400
44	344904.100
46	344904.400
48	344904.400
50	344904.400
52	344904.400
54	344904.400
56	344904.400
58	344904.400
60	344904.400
62	344904.400
64	344904.400
66	344904.400
68	344904.400
70	344904.400
72	344904.400
74	344904.400
76	344904.400
78	344904.400
80	344904.400
82	344904.400
84	344904.400
86	344904.400
88	344904.400
90	344904.400
92	344904.400
94	344904.400
96	344904.400
98	344904.400
100	344904.400
102	344904.400
104	344904.400
106	344904.400
108	344904.400
110	344904.400
112	344904.400
114	344904.400
116	344904.400
118	344904.400
120	344904.400
122	344904.400
124	344904.400
126	344904.400
128	344904.400
130	344904.400
132	344904.400
134	344904.400
136	344904.400
138	344904.400
140	344904.400
142	344904.400
144	344904.400
146	344904.400
148	344904.400
150	344904.400
152	344904.400
154	344904.400
156	344904.400
158	344904.400
160	344904.400
162	344904.400
164	344904.400
166	344904.400
168	344904.400
170	344904.400
172	344904.400
174	344904.400
176	344904.400
178	344904.400
180	344904.400
182	344904.400
184	344904.400
186	344904.400
188	344904.400
190	344904.400
192	344904.400
194	344904.400
196	344904.400
198	344904.400
200	344904.400
202	344904.400
204	344904.400
206	344904.400
208	344904.400
210	344904.400
212	344904.400
214	344904.400
216	344904.400
218	344904.400
220	344904.400
222	344904.400
224	344904.400
226	344904.400
228	344904.400
230	344904.400
232	344904.400
234	344904.400
236	344904.400
238	344904.400
240	344904.400
2	344914.600
4	344914.600
6	344914.600
8	344914.600
10	344914.600
12	344914.600
14	344914.600
16	344914.600
18	344914.600
20	344914.600
22	344914.600
24	344914.600
26	344914.600
28	344914.600
30	344914.600
32	344914.600
34	344914.600
36	344914.600
38	344914.600
40	344914.600
42	344914.600
44	344914.600
46	344914.600
48	344914.600
50	344914.600
52	344914.600
54	344914.600
56	344914.600
58	344914.600
60	344914.600
62	344914.600
64	344914.600
66	344914.600
68	344914.600
70	344914.700
72	344914.600
74	344914.600
76	344914.600
78	344914.600
80	344914.600
82	344914.600
84	344914.600
86	344914.600
88	344914.600
90	344914.600
92	344914.600
94	344914.600
96	344914.600
98	344914.600
100	344914.600
102	344914.600
104	344914.600
106	344914.600
108	344914.600
110	344914.600
112	344914.600
114	344914.600
116	344914.600
118	344914.600
120	344914.600
122	344914.600
124	344914.600
126	344914.600
128	344914.600
130	344914.600
132	344914.600
134	344914.600
136	344914.600
138	344914.600
140	344914.600
142	344914.600
144	344914.600
146	344914.600
148	344914.600
150	344914.600
152	344914.600
154	344914.600
156	344914.600
158	344914.600
160	344914.600
162	344914.600
164	344914.600
166	344914.600
168	344914.600
170	344914.600
172	344914.600
174	344914.600
176	344914.600
178	344914.600
180	344914.600
182	344914.600
184	344914.600
186	344914.600
188	344914.600
190	344914.600
192	344914.600
194	344914.600
196	344914.600
198	344914.600
200	344914.600
202	344914.600
204	344914.600
206	344914.600
208	344914.600
210	344914.600
212	344914.600
214	344914.600
216	344914.600
218	344914.600
220	344914.600
222	344914.600
224	344914.600
226	344914.600
228	344914.600
230	344914.600
232	344914.600
234	344914.600
236	344914.600
238	344914.600
240	344914.600
62	344925.000
74	344924.500
2	344925.300
4	344925.300
6	344925.300
8	344925.300
10	344925.300
12	344925.300
14	344925.300
16	344925.300
18	344925.300
20	344925.300
22	344925.300
24	344925.300
26	344925.300
28	344925.300
30	344925.300
32	344925.300
34	344925.300
36	344925.300
38	344925.300
40	344925.300
42	344925.300
44	344925.300
46	344925.300
48	344925.300
50	344925.300
52	344925.300
54	344925.300
56	344925.300
58	344925.300
60	344925.300
64	344925.300
66	344925.300
68	344925.300
70	344925.300
72	344925.300
76	344925.300
78	344925.300
80	344925.300
82	344925.300
84	344925.200
86	344925.300
88	344925.300
90	344925.300
92	344925.300
94	344925.300
96	344925.300
98	344925.300
100	344925.300
102	344925.300
104	344925.300
106	344925.300
108	344925.300
110	344925.300
112	344925.300
114	344925.300
116	344925.300
118	344925.300
120	344925.300
122	344925.300
124	344925.300
126	344925.300
128	344925.300
130	344925.300
132	344925.300
134	344925.300
136	344925.300
138	344925.300
140	344925.300
142	344925.300
144	344925.300
146	344925.300
148	344925.300
150	344925.300
152	344925.300
154	344925.300
156	344925.300
158	344925.300
160	344925.300
162	344925.300
164	344925.300
166	344925.300
168	344925.300
170	344925.300
172	344925.300
174	344925.300
176	344925.300
178	344925.300
180	344925.300
182	344925.300
184	344925.300
186	344925.300
188	344925.300
190	344925.300
192	344925.300
194	344925.300
196	344925.300
198	344925.300
200	344925.300
202	344925.300
204	344925.300
206	344925.300
208	344925.300
210	344925.300
212	344925.300
214	344925.300
216	344925.300
218	344925.300
220	344925.300
222	344925.300
224	344925.300
226	344925.300
228	344925.300
230	344925.300
232	344925.300
234	344925.300
236	344925.300
238	344925.300
240	344925.300
2	344935.600
4	344935.600
6	344935.500
8	344935.600
10	344935.600
12	344935.700
14	344935.500
16	344935.600
18	344935.600
20	344935.600
22	344935.600
24	344935.700
26	344935.600
28	344935.600
30	344935.600
32	344935.600
34	344935.500
36	344935.600
38	344935.500
40	344935.600
42	344935.500
44	344935.800
46	344935.500
48	344935.600
50	344935.600
52	344935.600
54	344935.600
56	344935.500
58	344935.800
60	344935.700
62	344935.600
64	344935.800
66	344935.600
68	344935.600
70	344935.600
72	344935.600
74	344935.700
76	344935.500
78	344935.700
80	344935.600
82	344935.800
84	344935.600
86	344935.500
88	344935.500
90	344935.600
92	344935.500
94	344935.500
96	344935.500
98	344935.500
100	344935.400
102	344935.500
104	344935.500
106	344935.700
108	344935.500
110	344935.500
112	344935.500
114	344935.500
116	344935.600
118	344935.600
120	344935.500
122	344935.600
124	344935.600
126	344935.600
128	344935.600
130	344935.600
132	344935.600
134	344935.700
136	344935.500
138	344935.500
140	344935.600
142	344935.700
144	344935.600
146	344935.600
148	344935.600
150	344935.600
152	344935.700
154	344935.600
156	344935.500
158	344935.600
160	344935.600
162	344935.700
164	344935.600
166	344935.600
168	344935.700
170	344935.500
172	344935.600
174	344935.700
176	344935.600
178	344935.500
180	344935.600
182	344935.500
184	344935.600
186	344935.600
188	344935.800
190	344935.600
192	344935.800
194	344935.600
196	344935.600
198	344935.600
200	344935.600
202	344935.700
204	344935.600
206	344935.600
208	344935.600
210	344935.600
212	344935.600
214	344935.600
216	344935.600
218	344935.600
220	344935.600
222	344935.700
224	344935.800
226	344935.600
228	344935.700
230	344935.600
232	344935.800
234	344935.600
236	344935.500
238	344935.500
240	344935.700
4	344947.000
12	344946.900
14	344947.000
16	344947.000
18	344947.000
26	344946.900
30	344946.800
32	344946.900
34	344946.800
36	344946.700
38	344946.700
46	344946.700
50	344946.900
54	344947.000
58	344946.900
60	344947.000
64	344947.000
72	344947.000
74	344946.700
80	344946.700
82	344947.000
84	344947.000
92	344947.000
94	344947.000
98	344946.900
102	344947.000
106	344946.400
120	344947.000
124	344947.000
126	344946.700
128	344946.900
130	344946.800
132	344946.900
134	344946.700
136	344946.700
138	344947.000
140	344946.800
142	344946.800
144	344946.900
148	344946.700
150	344946.900
154	344946.700
164	344946.800
168	344946.900
170	344946.900
172	344946.700
180	344946.900
186	344947.000
188	344947.000
194	344946.800
198	344946.800
200	344947.000
202	344947.000
206	344946.800
208	344947.000
212	344946.800
220	344946.600
222	344947.000
228	344946.900
230	344946.900
232	344947.000
234	344946.900
236	344946.900
2	344947.100
6	344947.200
8	344947.300
10	344947.100
20	344947.100
22	344947.900
24	344947.700
28	344947.900
40	344947.800
42	344947.100
44	344947.100
48	344947.800
52	344947.800
56	344947.100
62	344947.800
66	344947.100
68	344947.200
70	344947.900
76	344947.100
78	344947.100
86	344947.100
88	344947.100
90	344947.100
96	344947.100
100	344947.600
104	344947.700
108	344947.300
110	344947.100
112	344947.800
114	344947.100
116	344947.200
118	344947.700
122	344947.100
146	344947.600
152	344947.800
156	344947.800
158	344947.900
160	344947.500
162	344947.100
166	344947.100
174	344947.700
176	344947.800
178	344947.100
182	344947.100
184	344947.100
190	344947.900
192	344947.100
196	344947.100
204	344947.100
210	344947.100
214	344947.800
216	344947.700
218	344947.100
224	344947.100
226	344947.100
238	344947.100
240	344947.100
2	344958.700
4	344958.700
6	344958.700
8	344958.700
10	344958.700
12	344958.700
14	344958.700
16	344958.700
18	344958.700
20	344958.700
22	344958.700
24	344958.700
26	344958.700
28	344958.700
30	344958.700
32	344958.700
34	344958.700
36	344958.700
38	344958.700
40	344958.700
42	344958.700
44	344958.700
46	344958.700
48	344958.700
50	344958.700
52	344958.700
54	344958.700
56	344958.700
58	344958.700
60	344958.700
62	344958.700
64	344958.700
66	344958.700
68	344958.700
70	344958.700
72	344958.700
74	344958.700
76	344958.700
78	344958.700
80	344958.700
82	344958.700
84	344958.700
86	344958.700
88	344958.700
90	344958.700
92	344958.700
94	344958.700
96	344958.700
98	344958.700
100	344958.700
102	344958.700
104	344958.700
106	344958.700
108	344958.700
110	344958.700
112	344958.700
114	344958.700
116	344958.700
118	344958.700
120	344958.700
122	344958.700
124	344958.700
126	344958.700
128	344958.700
130	344958.700
132	344958.700
134	344958.700
136	344958.700
138	344958.700
140	344958.700
142	344958.700
144	344958.700
146	344958.700
148	344958.700
150	344958.700
152	344958.700
154	344958.700
156	344958.700
158	344958.700
160	344958.700
162	344958.700
164	344958.700
166	344958.700
168	344958.700
170	344958.700
172	344958.700
174	344958.700
176	344958.700
178	344958.700
180	344958.700
182	344958.700
184	344958.700
186	344958.700
188	344958.700
190	344958.700
192	344958.700
194	344958.700
196	344958.700
198	344958.700
200	344958.700
202	344958.700
204	344958.700
206	344958.700
208	344958.700
210	344958.700
212	344958.700
214	344958.700
216	344958.700
218	344958.700
220	344958.700
222	344958.700
224	344958.700
226	344958.700
228	344958.700
230	344958.700
232	344958.700
234	344958.700
236	344958.700
238	344958.700
240	344958.700
14	344968.900
152	344968.600
154	344968.800
156	344968.900
158	344968.800
160	344969.000
162	344968.900
164	344968.900
166	344968.900
168	344968.800
170	344968.900
172	344968.900
174	344968.800
178	344968.800
2	344969.100
4	344969.100
6	344969.100
8	344969.100
10	344969.100
12	344969.100
16	344969.100
18	344969.100
20	344969.100
22	344969.100
24	344969.100
26	344969.100
28	344969.100
30	344969.100
32	344969.100
34	344969.100
36	344969.100
38	344969.100
40	344969.100
42	344969.100
44	344969.100
46	344969.100
48	344969.100
50	344969.100
52	344969.100
54	344969.100
56	344969.100
58	344969.100
60	344969.100
62	344969.100
64	344969.100
66	344969.100
68	344969.100
70	344969.100
72	344969.100
74	344969.100
76	344969.100
78	344969.100
80	344969.100
82	344969.100
84	344969.100
86	344969.100
88	344969.100
90	344969.100
92	344969.100
94	344969.100
96	344969.100
98	344969.100
100	344969.100
102	344969.100
104	344969.100
106	344969.100
108	344969.100
110	344969.100
112	344969.100
114	344969.100
116	344969.100
118	344969.100
120	344969.100
122	344969.100
124	344969.100
126	344969.100
128	344969.100
130	344969.100
132	344969.100
134	344969.100
136	344969.100
138	344969.100
140	344969.100
142	344969.100
144	344969.100
146	344969.100
148	344969.100
150	344969.100
176	344969.100
180	344969.100
182	344969.100
184	344969.100
186	344969.100
188	344969.100
190	344969.100
192	344969.100
194	344969.100
196	344969.100
198	344969.100
200	344969.100
202	344969.100
204	344969.100
206	344969.100
208	344969.100
210	344969.100
212	344969.100
214	344969.100
216	344969.100
218	344969.100
220	344969.100
222	344969.100
224	344969.100
226	344969.100
228	344969.100
230	344969.100
232	344969.100
234	344969.100
236	344969.100
238	344969.100
240	344969.100
2	344979.000
4	344979.000
6	344979.000
8	344979.000
10	344979.000
12	344979.000
14	344979.000
16	344979.000
18	344979.000
20	344979.000
22	344979.000
24	344979.000
26	344979.000
28	344979.000
30	344979.000
32	344979.000
34	344979.000
36	344979.000
38	344979.000
40	344979.000
42	344979.000
44	344979.000
46	344979.000
48	344979.000
50	344979.000
52	344979.000
54	344979.000
56	344979.000
58	344979.000
60	344979.000
62	344979.000
64	344979.000
66	344979.000
68	344979.000
70	344979.000
72	344979.000
74	344979.000
76	344979.000
78	344979.000
80	344979.000
82	344979.000
84	344979.000
86	344979.000
88	344979.000
90	344979.000
92	344979.000
94	344979.000
96	344979.000
98	344979.000
100	344979.000
102	344979.000
104	344979.000
106	344979.000
108	344979.000
110	344979.000
112	344979.000
114	344979.000
116	344979.000
118	344979.000
120	344979.000
122	344979.000
124	344979.000
126	344979.000
128	344979.000
130	344979.000
132	344979.000
134	344979.000
136	344979.000
138	344979.000
140	344979.000
142	344979.000
144	344979.000
146	344979.000
148	344979.000
150	344979.000
152	344979.000
154	344979.000
156	344979.000
158	344979.000
160	344979.000
162	344979.000
164	344979.000
166	344979.000
168	344979.000
170	344979.000
172	344979.000
174	344979.000
176	344979.000
178	344979.000
180	344979.000
182	344979.000
184	344979.000
186	344979.000
188	344979.000
190	344979.000
192	344979.000
194	344979.000
196	344979.000
198	344979.000
200	344979.000
202	344979.000
204	344979.000
206	344979.000
208	344979.000
210	344979.000
212	344979.000
214	344979.000
216	344979.000
218	344979.000
220	344979.000
222	344979.000
224	344979.000
226	344979.000
228	344979.000
230	344979.000
232	344979.000
234	344979.000
236	344979.000
238	344979.000
240	344979.000
4	344989.600
6	344990.000
14	344989.600
34	344989.900
38	344989.900
46	344989.600
60	344989.900
70	344989.900
82	344989.900
86	344989.700
98	344989.700
110	344990.000
116	344989.600
118	344989.900
138	344989.900
140	344989.600
150	344990.000
158	344989.900
180	344989.600
186	344989.900
192	344989.800
194	344990.000
196	344989.600
204	344990.000
206	344989.600
208	344989.600
224	344989.600
234	344989.600
2	344990.300
8	344990.300
10	344990.300
12	344990.100
16	344990.300
18	344990.200
20	344990.300
22	344990.100
24	344990.300
26	344990.300
28	344990.300
30	344990.300
32	344990.100
36	344990.300
40	344990.300
42	344990.100
44	344990.300
48	344990.300
50	344990.300
52	344990.300
54	344990.300
56	344990.300
58	344990.300
62	344990.100
64	344990.300
66	344990.300
68	344990.300
72	344990.300
74	344990.300
76	344990.200
78	344990.200
80	344990.300
84	344990.300
88	344990.300
90	344990.300
92	344990.300
94	344990.300
96	344990.300
100	344990.300
102	344990.300
104	344990.300
106	344990.300
108	344990.100
112	344990.100
114	344990.300
120	344990.300
122	344990.300
124	344990.300
126	344990.300
128	344990.300
130	344990.300
132	344990.100
134	344990.100
136	344990.300
142	344990.100
144	344990.300
146	344990.100
148	344990.100
152	344990.300
154	344990.300
156	344990.300
160	344990.300
162	344990.300
164	344990.200
166	344990.300
168	344990.100
170	344990.300
172	344990.300
174	344990.300
176	344990.300
178	344990.100
182	344990.100
184	344990.300
188	344990.300
190	344990.100
198	344990.300
200	344990.100
202	344990.300
210	344990.300
212	344990.300
214	344990.100
216	344990.300
218	344990.200
220	344990.100
222	344990.300
226	344990.300
228	344990.300
230	344990.300
232	344990.300
236	344990.300
238	344990.300
240	344990.100
218	345000.000
230	345000.000
