# NEST version: nest-3.1
# RecordingBackendASCII version: 2
sender	time_ms
1	1.100
3	1.100
5	1.100
7	1.100
9	1.100
11	1.100
13	1.100
15	1.100
17	1.100
19	1.100
21	1.100
23	1.100
25	1.100
27	1.100
29	1.100
31	1.100
33	1.100
35	1.100
37	1.100
39	1.100
41	1.100
43	1.100
45	1.100
47	1.100
49	1.100
51	1.100
53	1.100
55	1.100
57	1.100
59	1.100
61	1.100
63	1.100
65	1.100
67	1.100
69	1.100
71	1.100
73	1.100
75	1.100
77	1.100
79	1.100
81	1.100
83	1.100
85	1.100
87	1.100
89	1.100
91	1.100
93	1.100
95	1.100
97	1.100
99	1.100
101	1.100
103	1.100
105	1.100
107	1.100
109	1.100
111	1.100
113	1.100
115	1.100
117	1.100
119	1.100
121	1.100
123	1.100
125	1.100
127	1.100
129	1.100
131	1.100
133	1.100
135	1.100
137	1.100
139	1.100
141	1.100
143	1.100
145	1.100
147	1.100
149	1.100
151	1.100
153	1.100
155	1.100
157	1.100
159	1.100
161	1.100
163	1.100
165	1.100
167	1.100
169	1.100
171	1.100
173	1.100
175	1.100
177	1.100
179	1.100
181	1.100
183	1.100
185	1.100
187	1.100
189	1.100
191	1.100
193	1.100
195	1.100
197	1.100
199	1.100
201	1.100
203	1.100
205	1.100
207	1.100
209	1.100
211	1.100
213	1.100
215	1.100
217	1.100
219	1.100
221	1.100
223	1.100
225	1.100
227	1.100
229	1.100
231	1.100
233	1.100
235	1.100
237	1.100
239	1.100
1	9.000
3	9.000
5	9.000
7	9.000
9	9.000
11	9.000
13	9.000
15	9.000
17	9.000
19	9.000
21	9.000
23	9.000
25	9.000
27	9.000
29	9.000
31	9.000
33	9.000
35	9.000
37	9.000
39	9.000
41	9.000
43	9.000
45	9.000
47	9.000
49	9.000
51	9.000
53	9.000
55	9.000
57	9.000
59	9.000
61	9.000
63	9.000
65	9.000
67	9.000
69	9.000
71	9.000
73	9.000
75	9.000
77	9.000
79	9.000
81	9.000
83	9.000
85	9.000
87	9.000
89	9.000
91	9.000
93	9.000
95	9.000
97	9.000
99	9.000
101	9.000
103	9.000
105	9.000
107	9.000
109	9.000
111	9.000
113	9.000
115	9.000
117	9.000
119	9.000
121	9.000
123	9.000
125	9.000
127	9.000
129	9.000
131	9.000
133	9.000
135	9.000
137	9.000
139	9.000
141	9.000
143	9.000
145	9.000
147	9.000
149	9.000
151	9.000
153	9.000
155	9.000
157	9.000
159	9.000
161	9.000
163	9.000
165	9.000
167	9.000
169	9.000
171	9.000
173	9.000
175	9.000
177	9.000
179	9.000
181	9.000
183	9.000
185	9.000
187	9.000
189	9.000
191	9.000
193	9.000
195	9.000
197	9.000
199	9.000
201	9.000
203	9.000
205	9.000
207	9.000
209	9.000
211	9.000
213	9.000
215	9.000
217	9.000
219	9.000
221	9.000
223	9.000
225	9.000
227	9.000
229	9.000
231	9.000
233	9.000
235	9.000
237	9.000
239	9.000
1	16.900
3	16.900
5	16.900
7	16.900
9	16.900
11	16.900
13	16.900
15	16.900
17	16.900
19	16.900
21	16.900
23	16.900
25	16.900
27	16.900
29	16.900
31	16.900
33	16.900
35	16.900
37	16.900
39	16.900
41	16.900
43	16.900
45	16.900
47	16.900
49	16.900
51	16.900
53	16.900
55	16.900
57	16.900
59	16.900
61	16.900
63	16.900
65	16.900
67	16.900
69	16.900
71	16.900
73	16.900
75	16.900
77	16.900
79	16.900
81	16.900
83	16.900
85	16.900
87	16.900
89	16.900
91	16.900
93	16.900
95	16.900
97	16.900
99	16.900
101	16.900
103	16.900
105	16.900
107	16.900
109	16.900
111	16.900
113	16.900
115	16.900
117	16.900
119	16.900
121	16.900
123	16.900
125	16.900
127	16.900
129	16.900
131	16.900
133	16.900
135	16.900
137	16.900
139	16.900
141	16.900
143	16.900
145	16.900
147	16.900
149	16.900
151	16.900
153	16.900
155	16.900
157	16.900
159	16.900
161	16.900
163	16.900
165	16.900
167	16.900
169	16.900
171	16.900
173	16.900
175	16.900
177	16.900
179	16.900
181	16.900
183	16.900
185	16.900
187	16.900
189	16.900
191	16.900
193	16.900
195	16.900
197	16.900
199	16.900
201	16.900
203	16.900
205	16.900
207	16.900
209	16.900
211	16.900
213	16.900
215	16.900
217	16.900
219	16.900
221	16.900
223	16.900
225	16.900
227	16.900
229	16.900
231	16.900
233	16.900
235	16.900
237	16.900
239	16.900
1	24.800
3	24.800
5	24.800
7	24.800
9	24.800
11	24.800
13	24.800
15	24.800
17	24.800
19	24.800
21	24.800
23	24.800
25	24.800
27	24.800
29	24.800
31	24.800
33	24.800
35	24.800
37	24.800
39	24.800
41	24.800
43	24.800
45	24.800
47	24.800
49	24.800
51	24.800
53	24.800
55	24.800
57	24.800
59	24.800
61	24.800
63	24.800
65	24.800
67	24.800
69	24.800
71	24.800
73	24.800
75	24.800
77	24.800
79	24.800
81	24.800
83	24.800
85	24.800
87	24.800
89	24.800
91	24.800
93	24.800
95	24.800
97	24.800
99	24.800
101	24.800
103	24.800
105	24.800
107	24.800
109	24.800
111	24.800
113	24.800
115	24.800
117	24.800
119	24.800
121	24.800
123	24.800
125	24.800
127	24.800
129	24.800
131	24.800
133	24.800
135	24.800
137	24.800
139	24.800
141	24.800
143	24.800
145	24.800
147	24.800
149	24.800
151	24.800
153	24.800
155	24.800
157	24.800
159	24.800
161	24.800
163	24.800
165	24.800
167	24.800
169	24.800
171	24.800
173	24.800
175	24.800
177	24.800
179	24.800
181	24.800
183	24.800
185	24.800
187	24.800
189	24.800
191	24.800
193	24.800
195	24.800
197	24.800
199	24.800
201	24.800
203	24.800
205	24.800
207	24.800
209	24.800
211	24.800
213	24.800
215	24.800
217	24.800
219	24.800
221	24.800
223	24.800
225	24.800
227	24.800
229	24.800
231	24.800
233	24.800
235	24.800
237	24.800
239	24.800
1	32.700
3	32.700
5	32.700
7	32.700
9	32.700
11	32.700
13	32.700
15	32.700
17	32.700
19	32.700
21	32.700
23	32.700
25	32.700
27	32.700
29	32.700
31	32.700
33	32.700
35	32.700
37	32.700
39	32.700
41	32.700
43	32.700
45	32.700
47	32.700
49	32.700
51	32.700
53	32.700
55	32.700
57	32.700
59	32.700
61	32.700
63	32.700
65	32.700
67	32.700
69	32.700
71	32.700
73	32.700
75	32.700
77	32.700
79	32.700
81	32.700
83	32.700
85	32.700
87	32.700
89	32.700
91	32.700
93	32.700
95	32.700
97	32.700
99	32.700
101	32.700
103	32.700
105	32.700
107	32.700
109	32.700
111	32.700
113	32.700
115	32.700
117	32.700
119	32.700
121	32.700
123	32.700
125	32.700
127	32.700
129	32.700
131	32.700
133	32.700
135	32.700
137	32.700
139	32.700
141	32.700
143	32.700
145	32.700
147	32.700
149	32.700
151	32.700
153	32.700
155	32.700
157	32.700
159	32.700
161	32.700
163	32.700
165	32.700
167	32.700
169	32.700
171	32.700
173	32.700
175	32.700
177	32.700
179	32.700
181	32.700
183	32.700
185	32.700
187	32.700
189	32.700
191	32.700
193	32.700
195	32.700
197	32.700
199	32.700
201	32.700
203	32.700
205	32.700
207	32.700
209	32.700
211	32.700
213	32.700
215	32.700
217	32.700
219	32.700
221	32.700
223	32.700
225	32.700
227	32.700
229	32.700
231	32.700
233	32.700
235	32.700
237	32.700
239	32.700
1	40.600
3	40.600
5	40.600
7	40.600
9	40.600
11	40.600
13	40.600
15	40.600
17	40.600
19	40.600
21	40.600
23	40.600
25	40.600
27	40.600
29	40.600
31	40.600
33	40.600
35	40.600
37	40.600
39	40.600
41	40.600
43	40.600
45	40.600
47	40.600
49	40.600
51	40.600
53	40.600
55	40.600
57	40.600
59	40.600
61	40.600
63	40.600
65	40.600
67	40.600
69	40.600
71	40.600
73	40.600
75	40.600
77	40.600
79	40.600
81	40.600
83	40.600
85	40.600
87	40.600
89	40.600
91	40.600
93	40.600
95	40.600
97	40.600
99	40.600
101	40.600
103	40.600
105	40.600
107	40.600
109	40.600
111	40.600
113	40.600
115	40.600
117	40.600
119	40.600
121	40.600
123	40.600
125	40.600
127	40.600
129	40.600
131	40.600
133	40.600
135	40.600
137	40.600
139	40.600
141	40.600
143	40.600
145	40.600
147	40.600
149	40.600
151	40.600
153	40.600
155	40.600
157	40.600
159	40.600
161	40.600
163	40.600
165	40.600
167	40.600
169	40.600
171	40.600
173	40.600
175	40.600
177	40.600
179	40.600
181	40.600
183	40.600
185	40.600
187	40.600
189	40.600
191	40.600
193	40.600
195	40.600
197	40.600
199	40.600
201	40.600
203	40.600
205	40.600
207	40.600
209	40.600
211	40.600
213	40.600
215	40.600
217	40.600
219	40.600
221	40.600
223	40.600
225	40.600
227	40.600
229	40.600
231	40.600
233	40.600
235	40.600
237	40.600
239	40.600
1	48.500
3	48.500
5	48.500
7	48.500
9	48.500
11	48.500
13	48.500
15	48.500
17	48.500
19	48.500
21	48.500
23	48.500
25	48.500
27	48.500
29	48.500
31	48.500
33	48.500
35	48.500
37	48.500
39	48.500
41	48.500
43	48.500
45	48.500
47	48.500
49	48.500
51	48.500
53	48.500
55	48.500
57	48.500
59	48.500
61	48.500
63	48.500
65	48.500
67	48.500
69	48.500
71	48.500
73	48.500
75	48.500
77	48.500
79	48.500
81	48.500
83	48.500
85	48.500
87	48.500
89	48.500
91	48.500
93	48.500
95	48.500
97	48.500
99	48.500
101	48.500
103	48.500
105	48.500
107	48.500
109	48.500
111	48.500
113	48.500
115	48.500
117	48.500
119	48.500
121	48.500
123	48.500
125	48.500
127	48.500
129	48.500
131	48.500
133	48.500
135	48.500
137	48.500
139	48.500
141	48.500
143	48.500
145	48.500
147	48.500
149	48.500
151	48.500
153	48.500
155	48.500
157	48.500
159	48.500
161	48.500
163	48.500
165	48.500
167	48.500
169	48.500
171	48.500
173	48.500
175	48.500
177	48.500
179	48.500
181	48.500
183	48.500
185	48.500
187	48.500
189	48.500
191	48.500
193	48.500
195	48.500
197	48.500
199	48.500
201	48.500
203	48.500
205	48.500
207	48.500
209	48.500
211	48.500
213	48.500
215	48.500
217	48.500
219	48.500
221	48.500
223	48.500
225	48.500
227	48.500
229	48.500
231	48.500
233	48.500
235	48.500
237	48.500
239	48.500
1	56.400
3	56.400
5	56.400
7	56.400
9	56.400
11	56.400
13	56.400
15	56.400
17	56.400
19	56.400
21	56.400
23	56.400
25	56.400
27	56.400
29	56.400
31	56.400
33	56.400
35	56.400
37	56.400
39	56.400
41	56.400
43	56.400
45	56.400
47	56.400
49	56.400
51	56.400
53	56.400
55	56.400
57	56.400
59	56.400
61	56.400
63	56.400
65	56.400
67	56.400
69	56.400
71	56.400
73	56.400
75	56.400
77	56.400
79	56.400
81	56.400
83	56.400
85	56.400
87	56.400
89	56.400
91	56.400
93	56.400
95	56.400
97	56.400
99	56.400
101	56.400
103	56.400
105	56.400
107	56.400
109	56.400
111	56.400
113	56.400
115	56.400
117	56.400
119	56.400
121	56.400
123	56.400
125	56.400
127	56.400
129	56.400
131	56.400
133	56.400
135	56.400
137	56.400
139	56.400
141	56.400
143	56.400
145	56.400
147	56.400
149	56.400
151	56.400
153	56.400
155	56.400
157	56.400
159	56.400
161	56.400
163	56.400
165	56.400
167	56.400
169	56.400
171	56.400
173	56.400
175	56.400
177	56.400
179	56.400
181	56.400
183	56.400
185	56.400
187	56.400
189	56.400
191	56.400
193	56.400
195	56.400
197	56.400
199	56.400
201	56.400
203	56.400
205	56.400
207	56.400
209	56.400
211	56.400
213	56.400
215	56.400
217	56.400
219	56.400
221	56.400
223	56.400
225	56.400
227	56.400
229	56.400
231	56.400
233	56.400
235	56.400
237	56.400
239	56.400
1	64.300
3	64.300
5	64.300
7	64.300
9	64.300
11	64.300
13	64.300
15	64.300
17	64.300
19	64.300
21	64.300
23	64.300
25	64.300
27	64.300
29	64.300
31	64.300
33	64.300
35	64.300
37	64.300
39	64.300
41	64.300
43	64.300
45	64.300
47	64.300
49	64.300
51	64.300
53	64.300
55	64.300
57	64.300
59	64.300
61	64.300
63	64.300
65	64.300
67	64.300
69	64.300
71	64.300
73	64.300
75	64.300
77	64.300
79	64.300
81	64.300
83	64.300
85	64.300
87	64.300
89	64.300
91	64.300
93	64.300
95	64.300
97	64.300
99	64.300
101	64.300
103	64.300
105	64.300
107	64.300
109	64.300
111	64.300
113	64.300
115	64.300
117	64.300
119	64.300
121	64.300
123	64.300
125	64.300
127	64.300
129	64.300
131	64.300
133	64.300
135	64.300
137	64.300
139	64.300
141	64.300
143	64.300
145	64.300
147	64.300
149	64.300
151	64.300
153	64.300
155	64.300
157	64.300
159	64.300
161	64.300
163	64.300
165	64.300
167	64.300
169	64.300
171	64.300
173	64.300
175	64.300
177	64.300
179	64.300
181	64.300
183	64.300
185	64.300
187	64.300
189	64.300
191	64.300
193	64.300
195	64.300
197	64.300
199	64.300
201	64.300
203	64.300
205	64.300
207	64.300
209	64.300
211	64.300
213	64.300
215	64.300
217	64.300
219	64.300
221	64.300
223	64.300
225	64.300
227	64.300
229	64.300
231	64.300
233	64.300
235	64.300
237	64.300
239	64.300
1	72.200
3	72.200
5	72.200
7	72.200
9	72.200
11	72.200
13	72.200
15	72.200
17	72.200
19	72.200
21	72.200
23	72.200
25	72.200
27	72.200
29	72.200
31	72.200
33	72.200
35	72.200
37	72.200
39	72.200
41	72.200
43	72.200
45	72.200
47	72.200
49	72.200
51	72.200
53	72.200
55	72.200
57	72.200
59	72.200
61	72.200
63	72.200
65	72.200
67	72.200
69	72.200
71	72.200
73	72.200
75	72.200
77	72.200
79	72.200
81	72.200
83	72.200
85	72.200
87	72.200
89	72.200
91	72.200
93	72.200
95	72.200
97	72.200
99	72.200
101	72.200
103	72.200
105	72.200
107	72.200
109	72.200
111	72.200
113	72.200
115	72.200
117	72.200
119	72.200
121	72.200
123	72.200
125	72.200
127	72.200
129	72.200
131	72.200
133	72.200
135	72.200
137	72.200
139	72.200
141	72.200
143	72.200
145	72.200
147	72.200
149	72.200
151	72.200
153	72.200
155	72.200
157	72.200
159	72.200
161	72.200
163	72.200
165	72.200
167	72.200
169	72.200
171	72.200
173	72.200
175	72.200
177	72.200
179	72.200
181	72.200
183	72.200
185	72.200
187	72.200
189	72.200
191	72.200
193	72.200
195	72.200
197	72.200
199	72.200
201	72.200
203	72.200
205	72.200
207	72.200
209	72.200
211	72.200
213	72.200
215	72.200
217	72.200
219	72.200
221	72.200
223	72.200
225	72.200
227	72.200
229	72.200
231	72.200
233	72.200
235	72.200
237	72.200
239	72.200
1	80.100
3	80.100
5	80.100
7	80.100
9	80.100
11	80.100
13	80.100
15	80.100
17	80.100
19	80.100
21	80.100
23	80.100
25	80.100
27	80.100
29	80.100
31	80.100
33	80.100
35	80.100
37	80.100
39	80.100
41	80.100
43	80.100
45	80.100
47	80.100
49	80.100
51	80.100
53	80.100
55	80.100
57	80.100
59	80.100
61	80.100
63	80.100
65	80.100
67	80.100
69	80.100
71	80.100
73	80.100
75	80.100
77	80.100
79	80.100
81	80.100
83	80.100
85	80.100
87	80.100
89	80.100
91	80.100
93	80.100
95	80.100
97	80.100
99	80.100
101	80.100
103	80.100
105	80.100
107	80.100
109	80.100
111	80.100
113	80.100
115	80.100
117	80.100
119	80.100
121	80.100
123	80.100
125	80.100
127	80.100
129	80.100
131	80.100
133	80.100
135	80.100
137	80.100
139	80.100
141	80.100
143	80.100
145	80.100
147	80.100
149	80.100
151	80.100
153	80.100
155	80.100
157	80.100
159	80.100
161	80.100
163	80.100
165	80.100
167	80.100
169	80.100
171	80.100
173	80.100
175	80.100
177	80.100
179	80.100
181	80.100
183	80.100
185	80.100
187	80.100
189	80.100
191	80.100
193	80.100
195	80.100
197	80.100
199	80.100
201	80.100
203	80.100
205	80.100
207	80.100
209	80.100
211	80.100
213	80.100
215	80.100
217	80.100
219	80.100
221	80.100
223	80.100
225	80.100
227	80.100
229	80.100
231	80.100
233	80.100
235	80.100
237	80.100
239	80.100
1	88.000
3	88.000
5	88.000
7	88.000
9	88.000
11	88.000
13	88.000
15	88.000
17	88.000
19	88.000
21	88.000
23	88.000
25	88.000
27	88.000
29	88.000
31	88.000
33	88.000
35	88.000
37	88.000
39	88.000
41	88.000
43	88.000
45	88.000
47	88.000
49	88.000
51	88.000
53	88.000
55	88.000
57	88.000
59	88.000
61	88.000
63	88.000
65	88.000
67	88.000
69	88.000
71	88.000
73	88.000
75	88.000
77	88.000
79	88.000
81	88.000
83	88.000
85	88.000
87	88.000
89	88.000
91	88.000
93	88.000
95	88.000
97	88.000
99	88.000
101	88.000
103	88.000
105	88.000
107	88.000
109	88.000
111	88.000
113	88.000
115	88.000
117	88.000
119	88.000
121	88.000
123	88.000
125	88.000
127	88.000
129	88.000
131	88.000
133	88.000
135	88.000
137	88.000
139	88.000
141	88.000
143	88.000
145	88.000
147	88.000
149	88.000
151	88.000
153	88.000
155	88.000
157	88.000
159	88.000
161	88.000
163	88.000
165	88.000
167	88.000
169	88.000
171	88.000
173	88.000
175	88.000
177	88.000
179	88.000
181	88.000
183	88.000
185	88.000
187	88.000
189	88.000
191	88.000
193	88.000
195	88.000
197	88.000
199	88.000
201	88.000
203	88.000
205	88.000
207	88.000
209	88.000
211	88.000
213	88.000
215	88.000
217	88.000
219	88.000
221	88.000
223	88.000
225	88.000
227	88.000
229	88.000
231	88.000
233	88.000
235	88.000
237	88.000
239	88.000
1	95.900
3	95.900
5	95.900
7	95.900
9	95.900
11	95.900
13	95.900
15	95.900
17	95.900
19	95.900
21	95.900
23	95.900
25	95.900
27	95.900
29	95.900
31	95.900
33	95.900
35	95.900
37	95.900
39	95.900
41	95.900
43	95.900
45	95.900
47	95.900
49	95.900
51	95.900
53	95.900
55	95.900
57	95.900
59	95.900
61	95.900
63	95.900
65	95.900
67	95.900
69	95.900
71	95.900
73	95.900
75	95.900
77	95.900
79	95.900
81	95.900
83	95.900
85	95.900
87	95.900
89	95.900
91	95.900
93	95.900
95	95.900
97	95.900
99	95.900
101	95.900
103	95.900
105	95.900
107	95.900
109	95.900
111	95.900
113	95.900
115	95.900
117	95.900
119	95.900
121	95.900
123	95.900
125	95.900
127	95.900
129	95.900
131	95.900
133	95.900
135	95.900
137	95.900
139	95.900
141	95.900
143	95.900
145	95.900
147	95.900
149	95.900
151	95.900
153	95.900
155	95.900
157	95.900
159	95.900
161	95.900
163	95.900
165	95.900
167	95.900
169	95.900
171	95.900
173	95.900
175	95.900
177	95.900
179	95.900
181	95.900
183	95.900
185	95.900
187	95.900
189	95.900
191	95.900
193	95.900
195	95.900
197	95.900
199	95.900
201	95.900
203	95.900
205	95.900
207	95.900
209	95.900
211	95.900
213	95.900
215	95.900
217	95.900
219	95.900
221	95.900
223	95.900
225	95.900
227	95.900
229	95.900
231	95.900
233	95.900
235	95.900
237	95.900
239	95.900
1	103.800
3	103.800
5	103.800
7	103.800
9	103.800
11	103.800
13	103.800
15	103.800
17	103.800
19	103.800
21	103.800
23	103.800
25	103.800
27	103.800
29	103.800
31	103.800
33	103.800
35	103.800
37	103.800
39	103.800
41	103.800
43	103.800
45	103.800
47	103.800
49	103.800
51	103.800
53	103.800
55	103.800
57	103.800
59	103.800
61	103.800
63	103.800
65	103.800
67	103.800
69	103.800
71	103.800
73	103.800
75	103.800
77	103.800
79	103.800
81	103.800
83	103.800
85	103.800
87	103.800
89	103.800
91	103.800
93	103.800
95	103.800
97	103.800
99	103.800
101	103.800
103	103.800
105	103.800
107	103.800
109	103.800
111	103.800
113	103.800
115	103.800
117	103.800
119	103.800
121	103.800
123	103.800
125	103.800
127	103.800
129	103.800
131	103.800
133	103.800
135	103.800
137	103.800
139	103.800
141	103.800
143	103.800
145	103.800
147	103.800
149	103.800
151	103.800
153	103.800
155	103.800
157	103.800
159	103.800
161	103.800
163	103.800
165	103.800
167	103.800
169	103.800
171	103.800
173	103.800
175	103.800
177	103.800
179	103.800
181	103.800
183	103.800
185	103.800
187	103.800
189	103.800
191	103.800
193	103.800
195	103.800
197	103.800
199	103.800
201	103.800
203	103.800
205	103.800
207	103.800
209	103.800
211	103.800
213	103.800
215	103.800
217	103.800
219	103.800
221	103.800
223	103.800
225	103.800
227	103.800
229	103.800
231	103.800
233	103.800
235	103.800
237	103.800
239	103.800
1	111.700
3	111.700
5	111.700
7	111.700
9	111.700
11	111.700
13	111.700
15	111.700
17	111.700
19	111.700
21	111.700
23	111.700
25	111.700
27	111.700
29	111.700
31	111.700
33	111.700
35	111.700
37	111.700
39	111.700
41	111.700
43	111.700
45	111.700
47	111.700
49	111.700
51	111.700
53	111.700
55	111.700
57	111.700
59	111.700
61	111.700
63	111.700
65	111.700
67	111.700
69	111.700
71	111.700
73	111.700
75	111.700
77	111.700
79	111.700
81	111.700
83	111.700
85	111.700
87	111.700
89	111.700
91	111.700
93	111.700
95	111.700
97	111.700
99	111.700
101	111.700
103	111.700
105	111.700
107	111.700
109	111.700
111	111.700
113	111.700
115	111.700
117	111.700
119	111.700
121	111.700
123	111.700
125	111.700
127	111.700
129	111.700
131	111.700
133	111.700
135	111.700
137	111.700
139	111.700
141	111.700
143	111.700
145	111.700
147	111.700
149	111.700
151	111.700
153	111.700
155	111.700
157	111.700
159	111.700
161	111.700
163	111.700
165	111.700
167	111.700
169	111.700
171	111.700
173	111.700
175	111.700
177	111.700
179	111.700
181	111.700
183	111.700
185	111.700
187	111.700
189	111.700
191	111.700
193	111.700
195	111.700
197	111.700
199	111.700
201	111.700
203	111.700
205	111.700
207	111.700
209	111.700
211	111.700
213	111.700
215	111.700
217	111.700
219	111.700
221	111.700
223	111.700
225	111.700
227	111.700
229	111.700
231	111.700
233	111.700
235	111.700
237	111.700
239	111.700
